23
 generated by VMD
 O        34.691612       35.682941      359.869446
 O        34.875610       40.370945      358.541473
 C        32.507633       36.746941      359.538452
 C        33.149612       37.990944      358.876465
 C        33.380615       35.491943      359.296448
 C        31.044632       36.638943      359.087463
 C        34.607613       38.066944      359.289459
 C        30.246635       37.858944      359.563446
 C        32.305634       39.217945      359.150452
 C        30.997635       39.162945      359.463470
 C        35.271614       36.917942      359.746460
 C        32.792625       34.182941      359.845459
 C        33.639618       35.285942      357.793457
 C        35.359612       39.245945      359.142456
 C        36.620613       36.970943      360.120453
 C        30.191635       40.400944      359.734467
 C        37.335609       38.158943      360.005463
 C        36.707611       39.293941      359.506470
 C        38.773605       38.207943      360.393463
 C        39.752609       37.857941      359.257446
 C        41.215607       37.854942      359.713470
 C        42.152603       37.477943      358.565460
 C        43.602600       37.435944      359.020447
